[0, 1, 2, 3, 4, 5, 6, 7, 8, 9, 10, 11, 12, 13, 14, 15, 16, 17, 18, 19, 20, 21, 22, 23, 24, 25, 26, 27, 28, 29, 30, 31, 32, 33, 34, 35, 36, 37, 38, 39, 40, 41, 42, 43, 44, 45, 46, 47, 48, 49, 50, 51, 52, 53, 54, 55, 56, 57, 58, 59, 60, 61, 62, 63, 64, 65, 66, 67, 68, 69, 70, 71, 72, 73, 74, 75, 76, 77, 78, 79, 80, 81, 82, 83]
[0, 1, 2, 3, 4, 5, 6, 7, 8, 9, 10, 11, 12, 13, 14, 15, 16, 17, 18, 19, 20, 21, 22, 23, 24, 25, 26, 27, 84, 85, 86, 87, 88, 89, 90, 91, 92, 93, 94, 95, 96, 97, 98, 99, 100, 101, 102, 103, 104, 105, 106, 107, 108, 109, 110, 111, 112, 113, 114, 115, 116, 117, 118, 119, 120, 121, 122, 123, 124, 125, 126, 127, 128, 129, 130, 131, 132, 133, 134, 135, 136, 137, 138, 139]
[0, 1, 2, 3, 4, 5, 6, 28, 29, 30, 31, 32, 33, 34, 35, 36, 37, 38, 39, 40, 41, 42, 43, 44, 45, 46, 47, 48, 84, 85, 86, 87, 88, 89, 90, 91, 92, 93, 94, 95, 96, 97, 98, 99, 100, 101, 102, 103, 104, 140, 141, 142, 143, 144, 145, 146, 147, 148, 149, 150, 151, 152, 153, 154, 155, 156, 157, 158, 159, 160, 161, 162, 163, 164, 165, 166, 167, 168, 169, 170, 171, 172, 173, 174]
[0, 7, 8, 9, 10, 11, 12, 28, 29, 30, 31, 32, 33, 49, 50, 51, 52, 53, 54, 55, 56, 57, 58, 59, 60, 61, 62, 63, 84, 85, 86, 87, 88, 89, 105, 106, 107, 108, 109, 110, 111, 112, 113, 114, 115, 116, 117, 118, 119, 140, 141, 142, 143, 144, 145, 146, 147, 148, 149, 150, 151, 152, 153, 154, 175, 176, 177, 178, 179, 180, 181, 182, 183, 184, 185, 186, 187, 188, 189, 190, 191, 192, 193, 194]
[1, 7, 13, 14, 15, 16, 17, 28, 34, 35, 36, 37, 38, 49, 50, 51, 52, 53, 64, 65, 66, 67, 68, 69, 70, 71, 72, 73, 84, 90, 91, 92, 93, 94, 105, 106, 107, 108, 109, 120, 121, 122, 123, 124, 125, 126, 127, 128, 129, 140, 141, 142, 143, 144, 155, 156, 157, 158, 159, 160, 161, 162, 163, 164, 175, 176, 177, 178, 179, 180, 181, 182, 183, 184, 195, 196, 197, 198, 199, 200, 201, 202, 203, 204]
[2, 8, 13, 18, 19, 20, 21, 29, 34, 39, 40, 41, 42, 49, 54, 55, 56, 57, 64, 65, 66, 67, 74, 75, 76, 77, 78, 79, 85, 90, 95, 96, 97, 98, 105, 110, 111, 112, 113, 120, 121, 122, 123, 130, 131, 132, 133, 134, 135, 140, 145, 146, 147, 148, 155, 156, 157, 158, 165, 166, 167, 168, 169, 170, 175, 176, 177, 178, 185, 186, 187, 188, 189, 190, 195, 196, 197, 198, 199, 200, 205, 206, 207, 208]
[3, 9, 14, 18, 22, 23, 24, 30, 35, 39, 43, 44, 45, 50, 54, 58, 59, 60, 64, 68, 69, 70, 74, 75, 76, 80, 81, 82, 86, 91, 95, 99, 100, 101, 106, 110, 114, 115, 116, 120, 124, 125, 126, 130, 131, 132, 136, 137, 138, 141, 145, 149, 150, 151, 155, 159, 160, 161, 165, 166, 167, 171, 172, 173, 175, 179, 180, 181, 185, 186, 187, 191, 192, 193, 195, 196, 197, 201, 202, 203, 205, 206, 207, 209]
[4, 10, 15, 19, 22, 25, 26, 31, 36, 40, 43, 46, 47, 51, 55, 58, 61, 62, 65, 68, 71, 72, 74, 77, 78, 80, 81, 83, 87, 92, 96, 99, 102, 103, 107, 111, 114, 117, 118, 121, 124, 127, 128, 130, 133, 134, 136, 137, 139, 142, 146, 149, 152, 153, 156, 159, 162, 163, 165, 168, 169, 171, 172, 174, 176, 179, 182, 183, 185, 188, 189, 191, 192, 194, 195, 198, 199, 201, 202, 204, 205, 206, 208, 209]
[5, 11, 16, 20, 23, 25, 27, 32, 37, 41, 44, 46, 48, 52, 56, 59, 61, 63, 66, 69, 71, 73, 75, 77, 79, 80, 82, 83, 88, 93, 97, 100, 102, 104, 108, 112, 115, 117, 119, 122, 125, 127, 129, 131, 133, 135, 136, 138, 139, 143, 147, 150, 152, 154, 157, 160, 162, 164, 166, 168, 170, 171, 173, 174, 177, 180, 182, 184, 186, 188, 190, 191, 193, 194, 196, 198, 200, 201, 203, 204, 205, 207, 208, 209]
[6, 12, 17, 21, 24, 26, 27, 33, 38, 42, 45, 47, 48, 53, 57, 60, 62, 63, 67, 70, 72, 73, 76, 78, 79, 81, 82, 83, 89, 94, 98, 101, 103, 104, 109, 113, 116, 118, 119, 123, 126, 128, 129, 132, 134, 135, 137, 138, 139, 144, 148, 151, 153, 154, 158, 161, 163, 164, 167, 169, 170, 172, 173, 174, 178, 181, 183, 184, 187, 189, 190, 192, 193, 194, 197, 199, 200, 202, 203, 204, 206, 207, 208, 209]
